1166,13,1203,13,1203,63,1166,63
1172,59,1208,59,1208,112,1172,112
978,105,1011,105,1011,123,978,123
1009,108,1029,108,1029,119,1009,119
1175,103,1212,103,1212,160,1175,160
747,110,767,110,767,132,747,132
963,125,981,125,981,138,963,138
978,123,996,123,996,138,978,138
994,125,1011,125,1011,138,994,138
1009,127,1036,127,1036,141,1009,141
50,138,77,138,77,154,50,154
22,141,37,141,37,154,22,154
35,141,50,141,50,154,35,154
74,141,103,141,103,154,74,154
103,141,116,141,116,154,103,154
116,141,130,141,130,154,116,154
130,141,143,141,143,154,130,154
143,141,158,141,158,154,143,154
156,141,169,141,169,154,156,154
167,141,182,141,182,154,167,154
182,143,196,143,196,156,182,156
196,143,211,143,211,156,196,156
209,143,220,143,220,156,209,156
379,141,458,141,458,176,379,176
460,138,526,138,526,174,460,174
319,145,352,145,352,180,319,180
359,145,383,145,383,176,359,176
293,147,324,147,324,182,293,182
1179,156,1219,156,1219,207,1179,207
610,160,643,160,643,200,610,200
1386,165,1408,165,1408,205,1386,205
978,165,1033,165,1033,224,978,224
864,171,884,171,884,189,864,189
789,178,800,178,800,191,789,191
46,176,112,176,112,235,46,235
844,185,857,185,857,218,844,218
130,182,196,182,196,238,130,238
864,185,886,185,886,205,864,205
608,196,648,196,648,242,608,242
1234,198,1254,198,1254,222,1234,222
729,202,756,202,756,211,729,211
773,202,798,202,798,211,773,211
862,200,884,200,884,227,862,227
912,205,932,205,932,229,912,229
1181,205,1221,205,1221,257,1181,257
354,205,469,205,469,277,354,277
1384,216,1408,216,1408,242,1384,242
983,218,1038,218,1038,284,983,284
1232,222,1261,222,1261,253,1232,253
842,233,884,233,884,302,842,302
1388,235,1408,235,1408,266,1388,266
738,235,798,235,798,392,738,392
44,249,127,249,127,326,44,326
612,253,645,253,645,297,612,297
119,251,191,251,191,330,119,330
1192,255,1221,255,1221,302,1192,302
1236,262,1263,262,1263,310,1236,310
1393,262,1408,262,1408,313,1393,313
917,271,943,271,943,302,917,302
350,275,476,275,476,363,350,363
985,277,1042,277,1042,339,985,339
615,295,645,295,645,339,615,339
842,299,886,299,886,407,842,407
934,310,948,310,948,332,934,332
1241,310,1269,310,1269,337,1241,337
910,319,930,319,930,346,910,346
615,335,648,335,648,381,615,381
1243,337,1267,337,1267,357,1243,357
17,337,149,337,149,414,17,414
138,339,202,339,202,416,138,416
1199,343,1232,343,1232,388,1199,388
914,346,936,346,936,381,914,381
346,359,469,359,469,460,346,460
985,348,1047,348,1047,414,985,414
615,374,650,374,650,416,615,416
1198,384,1233,381,1246,519,1211,522
738,381,800,381,800,487,738,487
914,385,939,385,939,418,914,418
1250,388,1274,388,1274,416,1250,416
989,407,1051,407,1051,476,989,476
615,412,650,412,650,454,615,454
842,412,892,412,892,500,842,500
1252,425,1280,425,1280,456,1252,456
1256,449,1280,449,1280,485,1256,485
348,460,469,460,469,555,348,555
914,467,941,467,941,493,914,493
994,471,1051,471,1051,537,994,537
1256,480,1280,480,1280,507,1256,507
114,485,147,485,147,515,114,515
63,487,99,487,99,515,63,515
745,498,802,498,802,637,745,637
839,498,892,498,892,540,839,540
37,524,68,524,68,546,37,546
72,524,103,524,103,544,72,544
105,524,138,524,138,546,105,546
141,524,171,524,171,544,141,544
604,531,632,531,632,555,604,555
632,531,663,531,663,553,632,553
844,533,892,531,898,684,851,686
1211,543,1248,539,1268,750,1231,754
83,551,127,551,127,588,83,588
160,553,194,553,194,588,160,588
15,555,55,555,55,590,15,590
352,553,476,553,476,656,352,656
1011,564,1036,564,1036,597,1011,597
925,568,943,568,943,590,925,590
994,575,1016,575,1016,595,994,595
1033,575,1053,575,1053,595,1033,595
604,586,623,586,623,610,604,610
619,586,639,586,639,610,619,610
634,586,668,586,668,610,634,610
1011,615,1025,615,1025,628,1011,628
1031,612,1053,612,1053,632,1031,632
1009,626,1027,626,1027,703,1009,703
1033,630,1049,630,1049,648,1033,648
1029,643,1049,643,1049,681,1029,681
765,668,793,668,793,694,765,694
1036,681,1049,681,1049,696,1036,696
374,687,412,687,412,729,374,729
407,690,443,690,443,729,407,729
438,690,467,690,467,727,438,727
760,692,795,692,795,747,760,747
1036,694,1051,694,1051,705,1036,705
354,694,381,694,381,729,354,729
1016,701,1027,701,1027,716,1016,716
1038,703,1051,703,1051,718,1038,718
1016,716,1029,716,1029,727,1016,727
1014,729,1031,729,1034,813,1018,814
1033,731,1058,731,1058,758,1033,758
1287,731,1309,731,1309,749,1287,749
623,745,656,745,656,800,623,800
1291,749,1313,749,1313,784,1291,784
1038,756,1053,756,1053,771,1038,771
769,756,798,756,798,868,769,868
1040,769,1056,769,1056,780,1040,780
875,773,890,773,890,811,875,811
385,773,418,773,418,813,385,813
414,773,445,773,445,811,414,811
440,773,467,773,467,809,440,809
864,776,877,776,877,811,864,811
357,776,390,776,390,813,357,813
1038,776,1056,776,1056,793,1038,793
1298,782,1313,782,1313,795,1298,795
1040,791,1056,791,1056,813,1040,813
623,795,656,795,656,828,623,828
1298,800,1318,800,1318,820,1298,820
1042,811,1058,811,1058,824,1042,824
870,815,879,815,879,831,870,831
1298,815,1320,815,1320,837,1298,837
623,822,652,822,652,855,623,855
1239,822,1276,822,1276,868,1239,868
1300,835,1322,835,1322,853,1300,853
621,851,659,851,659,886,621,886
1301,853,1324,851,1328,908,1305,909
1014,857,1033,857,1033,879,1014,879
1029,857,1064,857,1064,879,1029,879
1243,864,1283,864,1283,943,1243,943
873,866,895,866,895,890,873,890
626,881,659,881,659,912,626,912
421,884,506,879,508,920,423,925
877,888,892,888,892,901,877,901
1027,886,1056,886,1056,903,1027,903
318,891,427,887,428,926,320,929
877,899,892,899,892,914,877,914
767,901,789,901,789,914,767,914
787,901,800,901,800,914,787,914
626,906,656,906,656,992,626,992
1309,906,1329,906,1329,925,1309,925
877,910,897,910,897,930,877,930
778,914,789,914,789,930,778,930
791,914,811,914,811,930,791,930
758,917,780,917,780,930,758,930
864,919,873,919,873,948,864,948
877,923,895,923,895,941,877,941
341,930,454,930,454,965,341,965
449,928,496,928,496,965,449,965
1031,934,1045,934,1045,950,1031,950
1042,936,1056,936,1056,950,1042,950
1053,936,1064,936,1064,950,1053,950
873,936,892,936,892,965,873,965
1252,939,1285,939,1285,976,1252,976
1051,945,1075,945,1075,967,1051,967
1020,948,1056,948,1056,970,1020,970
875,961,895,961,895,978,875,978
771,976,789,976,789,994,771,994
784,974,806,974,806,992,784,992
877,974,899,974,899,1007,877,1007
1252,972,1289,972,1289,1011,1252,1011
1075,985,1089,985,1089,1005,1075,1005
1036,987,1049,987,1049,1007,1036,1007
1045,985,1078,985,1078,1005,1045,1005
996,989,1009,989,1009,1007,996,1007
1005,987,1025,987,1025,1007,1005,1007
1022,989,1038,989,1038,1007,1022,1007
123,987,165,987,165,1029,123,1029
66,989,119,989,119,1031,66,1031
13,992,61,992,61,1033,13,1033
936,1000,954,1000,954,1020,936,1020
