260,32,365,38,363,75,259,70
165,37,246,37,246,72,165,72
370,35,509,35,509,79,370,79
559,37,612,37,612,72,559,72
621,37,806,37,806,72,621,72
816,36,960,41,958,77,814,72
515,41,551,41,551,72,515,72
328,116,412,116,412,147,328,147
897,116,989,116,989,147,897,147
149,119,240,119,240,149,149,149
417,117,498,123,496,152,415,147
498,119,571,119,571,147,498,147
575,119,652,119,652,154,575,154
690,119,802,119,802,147,690,147
842,119,892,119,892,147,842,147
654,121,685,121,685,147,654,147
806,121,837,121,837,147,806,147
94,119,156,119,156,187,94,187
249,120,323,126,321,151,247,145
154,154,191,154,191,185,154,185
205,154,257,154,257,185,205,185
736,154,795,154,795,185,736,185
934,154,987,154,987,185,934,185
269,155,340,158,339,185,268,182
357,156,438,156,438,185,357,185
451,156,551,156,551,185,451,185
566,160,615,160,615,182,566,182
811,156,920,162,919,188,810,182
632,165,645,165,645,182,632,182
663,163,723,163,723,187,663,187
266,191,315,191,315,220,266,220
324,190,418,198,415,231,321,223
533,190,640,199,638,228,531,219
653,189,736,198,733,228,649,219
742,191,802,191,802,222,742,222
917,191,990,194,989,226,916,223
90,197,195,190,197,222,93,229
425,194,480,194,480,224,425,224
489,194,518,194,518,218,489,218
813,194,908,194,908,229,813,229
207,198,255,198,255,220,207,220
122,231,235,227,236,257,123,261
245,226,319,232,316,263,242,257
319,229,374,229,374,257,319,257
524,228,617,231,617,258,524,255
622,231,674,228,675,255,624,258
684,225,750,234,746,266,680,257
749,229,806,229,806,260,749,260
378,236,517,229,518,258,379,264
811,231,862,231,862,260,811,260
932,231,992,231,992,262,932,262
90,238,121,238,121,264,90,264
866,238,925,238,925,264,866,264
309,263,385,269,383,301,306,294
389,270,515,263,517,295,390,301
154,269,207,265,209,297,156,300
216,266,295,266,295,297,216,297
564,265,622,269,621,298,562,295
757,270,849,261,852,297,761,305
522,268,553,268,553,293,522,293
629,265,753,272,751,302,627,294
857,268,895,268,895,304,857,304
901,268,992,268,992,297,901,297
88,271,147,271,147,302,88,302
282,302,407,302,407,335,282,335
412,304,467,304,467,335,412,335
471,304,634,304,634,335,471,335
639,304,751,304,751,335,639,335
143,304,206,308,204,340,141,337
86,311,136,307,138,336,88,340
211,310,275,310,275,332,211,332
282,341,354,341,354,372,282,372
412,338,537,343,535,377,411,372
548,341,661,341,661,374,548,374
138,343,222,343,222,374,138,374
233,343,271,343,271,372,233,372
368,343,399,343,399,372,368,372
674,343,793,343,793,374,674,374
870,346,923,346,923,377,870,377
932,346,994,346,994,377,932,377
804,352,857,352,857,374,804,374
187,380,273,386,270,417,185,411
335,381,462,381,462,412,335,412
480,380,585,385,584,414,479,409
82,389,173,380,176,415,86,424
286,383,319,383,319,412,286,412
604,381,742,390,740,418,602,410
848,385,945,385,945,421,848,421
961,388,992,388,992,414,961,414
760,390,831,390,831,412,760,412
82,425,193,417,196,454,84,462
242,418,297,418,297,449,242,449
383,418,432,418,432,451,383,451
306,419,373,424,371,452,304,447
503,419,577,426,574,458,500,451
586,421,668,421,668,454,586,454
798,423,959,423,959,456,798,456
202,425,231,425,231,449,202,449
965,425,998,425,998,456,965,456
440,427,491,427,491,449,440,449
681,424,786,430,784,457,680,451
149,458,244,458,244,496,149,496
251,458,326,458,326,491,251,491
374,460,500,460,500,491,374,491
509,457,588,463,585,499,506,492
593,460,670,460,670,493,593,493
720,460,811,460,811,493,720,493
335,462,368,462,368,491,335,491
820,460,893,466,890,499,817,493
900,461,1001,472,997,504,896,493
679,465,712,465,712,493,679,493
81,469,141,469,141,498,81,498
138,498,185,498,185,529,138,529
81,500,130,500,130,531,81,531
253,500,324,500,324,531,253,531
331,507,442,499,444,536,334,544
645,500,703,500,703,533,645,533
560,499,639,505,636,539,557,532
765,502,837,502,837,531,765,531
851,502,906,502,906,533,851,533
191,504,242,504,242,526,191,526
451,507,482,507,482,531,451,531
493,507,546,507,546,531,493,531
714,509,751,509,751,531,714,531
917,508,997,511,996,538,916,535
273,537,330,537,330,571,273,571
344,537,465,540,465,574,343,570
478,540,590,540,590,573,478,573
601,542,745,542,745,573,601,573
767,542,806,542,806,573,767,573
820,542,879,542,879,573,820,573
158,544,260,544,260,566,158,566
79,546,145,546,145,571,79,571
890,544,969,548,967,576,889,572
981,553,998,553,998,573,981,573
77,577,191,577,191,610,77,610
194,577,275,577,275,610,194,610
279,577,317,577,317,610,279,610
319,579,427,579,427,617,319,617
432,579,476,579,476,610,432,610
481,578,633,585,632,620,479,612
634,582,787,582,787,619,634,619
826,582,873,582,873,615,826,615
876,578,1002,587,1000,623,873,614
789,590,822,590,822,612,789,612
74,617,103,617,103,648,74,648
101,617,238,617,238,652,101,652
302,619,407,619,407,656,302,656
415,615,482,625,477,659,410,649
482,619,540,619,540,652,482,652
636,625,733,616,736,654,640,663
738,621,813,621,813,659,738,659
820,623,923,623,923,654,820,654
930,623,1003,623,1003,656,930,656
244,626,295,626,295,648,244,648
546,630,562,630,562,650,546,650
569,627,637,630,636,660,567,657
182,656,233,656,233,687,182,687
74,659,141,659,141,687,74,687
240,659,324,659,324,690,240,690
145,663,176,663,176,685,145,685
123,696,235,696,235,734,123,734
279,698,385,698,385,731,279,731
244,701,268,701,268,727,244,727
396,703,458,703,458,731,396,731
467,703,586,703,586,731,467,731
597,703,652,703,652,734,597,734
663,703,734,703,734,736,663,736
895,705,1003,705,1003,738,895,738
857,709,886,709,886,738,857,738
745,712,848,712,848,742,745,742
72,737,126,741,125,767,71,764
128,741,250,736,251,769,130,774
255,738,291,738,291,769,255,769
297,738,346,738,346,771,297,771
352,740,511,740,511,773,352,773
639,742,692,742,692,776,639,776
696,742,813,742,813,778,696,778
518,742,634,751,632,782,516,773
820,747,853,747,853,778,820,778
857,747,908,747,908,780,857,780
912,754,1002,745,1005,779,915,788
72,776,121,776,121,809,72,809
160,778,227,778,227,809,160,809
231,778,297,778,297,811,231,811
304,780,354,780,354,813,304,813
125,782,154,782,154,806,125,806
433,785,530,781,532,816,434,820
537,782,601,782,601,815,537,815
608,782,656,782,656,815,608,815
723,787,798,787,798,820,723,820
805,786,905,791,903,824,803,819
359,789,429,789,429,820,359,820
948,789,1005,789,1005,822,948,822
663,791,716,791,716,817,663,817
908,795,941,795,941,820,908,820
70,817,97,817,97,844,70,844
103,817,154,817,154,848,103,848
158,817,222,817,222,851,158,851
227,824,257,824,257,848,227,848
264,826,317,826,317,851,264,851
119,857,149,857,149,888,119,888
160,859,209,859,209,890,160,890
220,862,379,862,379,895,220,895
555,864,712,868,712,903,555,899
392,867,508,873,506,902,391,896
793,870,868,870,868,903,793,903
520,875,537,875,537,895,520,895
879,875,912,875,912,906,879,906
727,877,780,877,780,901,727,901
925,881,1005,881,1005,910,925,910
68,901,155,895,157,928,70,933
163,898,333,904,332,937,162,932
412,906,504,906,504,943,412,943
511,908,599,908,599,941,511,941
606,910,659,910,659,943,606,943
339,912,405,912,405,936,339,936
740,914,842,914,842,952,740,952
928,917,1009,917,1009,950,928,950
663,919,736,919,736,950,663,950
848,921,917,921,917,945,848,945
101,936,156,936,156,970,101,970
70,941,97,941,97,965,70,965
172,939,342,947,341,980,170,973
426,942,529,950,526,989,423,980
533,952,641,952,641,985,533,985
348,954,414,954,414,976,348,976
648,954,749,954,749,992,648,992
760,953,823,957,822,990,759,987
908,959,1009,959,1009,996,908,996
831,965,901,965,901,994,831,994
70,976,125,976,125,1009,70,1009
126,978,197,981,196,1014,124,1011
200,985,231,985,231,1016,200,1016
238,985,313,985,313,1018,238,1018
481,989,550,992,548,1026,479,1023
394,992,476,992,476,1027,394,1027
319,996,385,996,385,1020,319,1020
645,996,703,996,703,1029,645,1029
709,996,778,996,778,1029,709,1029
553,998,586,998,586,1022,553,1022
593,1000,639,1000,639,1025,593,1025
823,998,900,1006,896,1040,819,1032
954,1000,1009,1000,1009,1033,954,1033
782,1003,817,1003,817,1031,782,1031
903,1003,945,1003,945,1029,903,1029
70,1010,131,1024,123,1057,62,1043
200,1025,275,1025,275,1058,200,1058
130,1027,191,1027,191,1051,130,1051
319,1031,392,1031,392,1062,319,1062
279,1033,313,1033,313,1058,279,1058
467,1033,537,1033,537,1067,467,1067
544,1038,577,1038,577,1069,544,1069
584,1038,634,1038,634,1069,584,1069
641,1036,814,1040,813,1075,641,1071
401,1040,462,1040,462,1069,401,1069
817,1042,875,1042,875,1073,817,1073
884,1042,934,1042,934,1075,884,1075
939,1042,1009,1042,1009,1075,939,1075
70,1061,116,1065,114,1087,68,1084
182,1064,238,1064,238,1095,182,1095
119,1064,180,1069,177,1099,116,1094
116,1100,171,1100,171,1133,116,1133
189,1113,251,1113,251,1137,189,1137
271,1113,304,1113,304,1142,271,1142
323,1108,424,1122,419,1157,318,1143
438,1115,474,1115,474,1148,438,1148
492,1116,664,1123,663,1158,490,1151
773,1124,866,1124,866,1159,773,1159
685,1131,754,1131,754,1155,685,1155
69,1132,179,1148,175,1180,64,1164
886,1135,1009,1135,1009,1161,886,1161
271,1153,319,1153,319,1183,271,1183
191,1155,253,1155,253,1179,191,1179
460,1159,524,1159,524,1192,460,1192
542,1161,642,1164,641,1202,541,1200
337,1164,440,1164,440,1188,337,1188
659,1163,726,1166,725,1200,657,1197
742,1168,813,1168,813,1201,742,1201
828,1170,881,1170,881,1203,828,1203
66,1177,114,1177,114,1210,66,1210
126,1178,241,1189,237,1223,123,1212
899,1181,1011,1181,1011,1208,899,1208
253,1194,284,1194,284,1223,253,1223
297,1194,348,1194,348,1228,297,1228
364,1195,541,1203,539,1238,362,1229
558,1201,686,1207,685,1242,556,1236
699,1206,804,1212,802,1247,697,1241
63,1214,103,1214,103,1250,63,1250
817,1214,884,1214,884,1247,817,1247
901,1216,1011,1216,1011,1252,901,1252
105,1221,152,1221,152,1256,105,1256
154,1230,240,1230,240,1263,154,1263
306,1236,392,1236,392,1272,306,1272
249,1241,299,1241,299,1265,249,1265
399,1241,449,1241,449,1274,399,1274
456,1243,557,1243,557,1278,456,1278
571,1247,593,1247,593,1274,571,1274
606,1247,704,1250,703,1285,605,1281
790,1263,896,1258,898,1292,791,1297
63,1261,112,1261,112,1291,63,1291
712,1261,782,1261,782,1285,712,1285
902,1259,1017,1264,1016,1299,900,1294
116,1269,211,1269,211,1302,116,1302
241,1280,341,1277,342,1311,242,1315
220,1283,233,1283,233,1302,220,1302
346,1283,421,1283,421,1313,346,1313
434,1283,491,1287,489,1319,432,1315
491,1290,543,1286,546,1320,493,1323
65,1292,132,1311,123,1343,56,1324
553,1296,606,1296,606,1320,553,1320
653,1299,757,1294,759,1329,655,1334
615,1298,648,1298,648,1325,615,1325
767,1300,870,1300,870,1340,767,1340
879,1305,945,1305,945,1338,879,1338
954,1307,1014,1307,1014,1342,954,1342
132,1312,225,1324,221,1354,129,1342
